35,65
33,218
33,217
33,216
33,215
34,15
34,211
34,210
34,209
34,208
34,207
34,206
34,205
34,204
34,203
34,202
34,201
34,200
34,199
34,198
34,197
34,196
34,195
34,194
34,193
34,192
34,33
34,20
35,64
34,9
33,214
33,213
33,212
33,211
33,210
33,209
33,9
34,149
34,148
34,147
34,146
34,145
34,144
34,143
34,142
34,141
34,140
34,139
34,138
34,137
34,136
34,135
34,134
34,133
34,132
34,131
34,130
34,129
34,128
35,39
34,127
34,126
34,125
34,124
34,123
34,122
34,121
34,120
34,119
34,118
34,117
34,116
34,115
34,114
34,113
34,112
34,111
34,110
34,109
34,108
34,107
34,106
34,105
34,104
34,103
34,102
34,101
34,100
34,99
34,98
34,97
34,96
34,95
34,94
34,93
34,92
34,91
34,90
34,89
34,88
34,87
35,38
34,86
34,85
34,84
34,83
34,82
34,81
34,80
34,79
34,78
34,77
34,76
34,75
34,74
34,73
34,72
34,71
34,70
34,69
34,68
34,67
34,66
34,65
34,64
34,49
34,48
34,47
34,46
34,45
34,44
34,43
34,42
34,41
34,40
34,39
34,38
34,37
34,36
34,35
34,34
34,32
34,31
33,208
34,30
34,29
34,22
33,207
33,206
33,205
33,204
33,203
33,202
33,201
33,200
33,199
33,198
33,197
33,196
33,195
33,194
33,193
33,192
33,191
33,190
86,4
86,3
86,2
86,1
86,0
33,189
35,37
33,188
33,187
33,186
33,185
33,184
33,183
33,182
33,181
33,180
33,179
33,178
33,177
33,176
33,175
33,174
33,173
33,172
33,171
33,170
33,169
33,168
34,28
34,27
34,21
34,26
34,13
34,25
34,24
34,16
34,23
34,19
33,167
33,166
33,165
33,164
33,163
33,162
33,161
33,160
33,159
33,158
34,18
34,12
34,17
33,157
33,156
33,155
33,154
33,153
33,152
33,151
33,150
33,149
33,148
33,147
33,146
33,145
33,144
33,143
33,142
33,141
33,140
33,139
33,138
33,137
33,136
33,135
33,134
33,133
35,36
68,7
33,132
33,131
33,127
35,35
35,34
35,33
34,10
34,14
35,32
35,31
35,30
35,29
34,4
35,28
35,27
35,26
34,11
34,5
35,25
35,24
35,23
35,22
35,21
35,20
35,19
34,8
35,18
35,17
35,16
35,15
35,14
34,7
34,6
35,13
33,130
33,129
33,128
85,3
85,2
85,1
85,0
0,575
33,4
0,574
0,573
68,6
68,5
67,6
67,5
67,4
0,572
0,571
33,126
33,125
33,124
33,123
33,122
33,121
33,120
33,119
33,118
33,117
33,116
33,115
33,114
33,113
33,112
33,111
0,570
84,4
